


                         
                         
                             (20,24)
                               2024
                                  1
                                  0
                         
                         (2048,2880)
                           20482880
                              10120
                                  5
                         
                         (2457,9456)
                           24579456
                              12144
                                  6
                                  
                         (2867,6032)
                           28676032
                              14168
                                  7
                         
                         (3277,2608)
                           32772608
                              16192
                                  8
                         
                         (3686,9184)
                           36869184
                              18216
                                  9
                         




